Sample	Capric acid	Butyric acid	L-Leucine	L-Valine	L-Isoleucine 	Propionic acid	Propylene glycol	Isopropyl alcohol	Valeric acid	L-Lactic acid	L-Alanine	L-Lysine	Acetic acid	5-Aminopentanoic acid	L-Glutamic acid	Succinic acid	beta-Alanine	Methylamine	L-Aspartic acid	Sarcosine	Trimethylamine	L-Asparagine	Malonic acid	Choline	Betaine	Taurine	Phenylacetic acid	Glycine	Glycerol	D-Fructose	L-Proline	Lactulose	D-Glucose	Galactose	Sucrose	Uracil	Fumaric acid	Deoxyuridine	3,4-Dihydroxybenzeneacetic acid	L-Tyrosine	Gallic acid	L-Histidine	p-Cresol	L-Phenylalanine	L-Tryptophan	Xanthine	Hypoxanthine	Formic acid	Nicotinic acid	2'FL	3SL	6SL	LDNDFH	LNFP1	LNFP3	LNnT	LNT	3FL	LDFT	LSTa	LSTb	LSTc	Methyl	Sum H1'
G02-7	7.2905	5.4094	16.8284	13.0127	4.7582	2.847	7.6469	43.782	7.1373	29.9456	12.5365	22.5948	271.3052	1.7157	21.988	24.0375	2.2637	0.579	7.8211	5.1644	0.8994	2.4928	1.8926	1.7024	16.6997	4.2198	68.4829	121.3182	275.7852	33.8861	9.7796	3.4951	95.3344	1.0091	0.3632	0.2582	0.0866	0.0468	-0.0744	1.4642	0.3049	0.8304	0.3064	2.332	0.3204	0.0565	0.0125	0.4431	-0.0135	8.1162	23.7737	57.5585	6.2593	13.268	5.3127	4.3143	18.7359	0.8937	0.3911	7.4066	12.2303	13.2884	422.8393	2.8237
G09-7	7.7559	10.2599	17.6662	15.2069	5.7528	4.9037	17.0465	60.2778	10.3114	19.5702	9.2738	24.8643	104.904	1.9078	14.2585	5.6992	2.8886	0.7653	8.2573	6.863	0.7418	2.7326	1.6713	1.7295	6.7423	5.4318	56.7753	106.1849	243.639	43.3612	10.25	3.6613	117.2042	0.6006	0.3303	0.146	-0.0019	-0.0366	-0.0105	2.4502	0.2566	0.7809	0.3463	1.6773	0.3009	0.0492	0.1006	1.7291	0.0531	2.7774	23.3067	10.6702	14.9778	15.874	9.2345	5.2424	34.2242	2.0402	1.1922	18.5587	23.311	14.9097	488.4611	26.7413
G08-7	6.8654	8.1075	20.8959	16.5016	6.7882	3.6479	4.1788	23.9152	8.3196	32.7828	16.0164	26.2348	89.522	1.5267	32.4136	20.4798	3.1536	0.7766	10.7755	5.2562	0.9504	4.2048	2.2704	2.4988	5.4677	6.48	36.4115	86.6678	181.6523	16.9217	13.2261	3.5486	79.719	4.7769	0.2551	0.1175	0.0004	-0.0164	0.0022	3.6961	0.2564	1.5565	0.3465	3.2918	0.5396	0.0783	0.0336	6.7465	0.0275	3.8097	17.6038	10.6273	3.0022	10.9606	2.329	6.7522	9.6736	0.5633	0.5654	7.3729	10.1533	9.6972	188.9688	11.2772
G20-7	5.7778	5.09	13.7075	12.0116	4.8297	3.4601	5.2375	14.1892	7.3663	24.4328	7.4295	14.9029	10.4458	1.4924	7.2697	3.5412	1.8312	0.689	3.9714	3.0735	0.5875	1.0232	1.3807	1.5366	10.1272	8.2382	23.9245	49.1717	114.2924	10.6977	10.3169	3.7948	94.3807	5.4518	0.4868	0.4352	0.046	0.0003	0.0081	0.7666	0.2229	0.5474	0.5288	1.4858	0.1682	0.054	0.0602	0.4335	0.0553	0.6222	27.6757	11.3989	9.3922	13.6326	8.2792	8.1932	18.953	0.6457	0.4439	11.4777	12.2221	17.2094	553.4993	6.358
G18-7	6.5599	6.226	16.4729	13.399	4.6205	2.7584	7.0488	46.7612	7.0761	25.8906	10.1847	22.8229	51.8001	1.6558	17.884	4.8289	2.37	0.7193	9.5083	6.9728	0.6754	3.3203	1.7011	1.2936	10.057	7.223	84.3961	103.6187	264.073	32.0699	21.2217	4.5248	223.4296	4.7399	0.3834	0.0205	0.0191	-0.0295	-0.043	4.1171	0.2216	0.8554	0.4183	1.8041	0.4107	0.0821	-0.0449	1.0479	0.0459	2.8308	39.1661	14.6421	8.0378	23.0673	11.7741	7.6519	32.5153	0.7787	0.5705	13.5239	18.4073	16.9571	976.7742	11.2121
K14-7	18.1833	7.7526	12.1028	11.4077	4.2526	4.5642	9.3119	20.1949	11.9217	12.2389	6.84	12.6612	14.3616	2.6377	5.9246	3.4117	30.8774	1.9057	4.949	3.2642	1.3101	1.8938	65.152	7.8568	9.8181	9.6353	25.7639	62.7854	138.5201	9.8708	6.6851	3.1459	36.867	6.8575	0.3591	0.3075	0.0294	0.1365	-0.1575	0.7956	0.1817	0.3649	0.6239	0.7124	0.1203	0.0653	-0.0659	0.8901	-0.1377	3.4741	31.4212	17.7383	9.7889	19.6096	11.5801	7.682	27.2254	0.6437	0.4034	13.529	17.0418	16.1499	872.9018	11.9138
K06-7	20.5719	8.0627	22.5162	16.2436	6.7784	1.9078	11.3459	7.9786	42.0762	98.9448	18.4498	16.3902	198.3732	2.7282	28.3085	16.7125	2.9316	0.7543	7.3124	2.3374	1.3407	2.3775	3.0148	2.2696	5.4568	7.3351	12.6303	54.6555	110.4901	16.2886	4.847	1.9231	7.2362	1.9042	0.3742	1.0758	0.1105	0.1918	0.1144	2.4007	0.2125	1.1146	0.6445	3.0169	0.2734	0.0605	0.068	11.2698	-0.0262	6.4712	25.9923	26.9577	8.7526	22.7214	11.9156	5.0861	29.3602	1.1937	0.5864	13.6659	18.5781	15.4265	934.2754	15.8499
K05-7	11.9744	10.1029	66.8784	48.2803	21.6056	3.3475	2.8397	5.0112	13.3077	18.3019	30.2824	46.4192	41.9267	2.7782	63.3362	121.6419	1.9334	0.9111	3.8594	2.7395	3.0808	5.0279	3.4037	2.7777	6.3529	5.6846	12.8525	17.5649	24.1815	5.1587	5.3037	1.6472	4.7871	0.493	0.8102	0.3334	1.0105	0.0207	0.0949	6.7448	0.3279	3.2274	0.9836	8.7834	0.2072	0.0974	0.0868	0.3375	0.1127	4.4254	21.904	15.8381	14.5342	7.5703	9.6203	4.6683	15.7838	1.27	-0.4463	1.824	9.7334	16.0519	520.879	12.1251
K03-7	8.9308	4.9107	28.412	22.4766	9.7136	5.4249	59.8313	16.8736	17.6996	194.2641	28.887	22.8103	337.7782	3.6893	25.3198	21.367	2.8596	0.9601	6.5714	2.5148	1.0116	1.8517	2.4206	6.3425	10.454	10.9938	35.7467	42.2656	60.8048	33.9806	8.7705	2.9331	15.9981	4.5298	0.2154	0.5844	0.1222	0.2252	0.0633	2.7667	0.1748	0.9537	0.4872	3.3823	0.3369	0.052	0.2152	30.5033	-0.0032	78.9748	27.073	8.5917	78.5416	41.0762	18.4759	7.1848	80.792	15.2624	5.8973	59.2694	18.1262	65.1056	1199.7107	103.5572
K04-7	14.4175	5.7083	24.1434	18.7543	6.5079	2.4069	59.4032	15.281	37.7622	196.7453	31.9273	20.4736	254.9589	3.8993	30.3532	36.2338	2.1606	0.7828	3.7938	2.0264	1.2357	2.0476	2.5378	6.7861	7.1906	12.9214	29.6108	81.7143	141.3325	31.2015	8.2049	2.2805	12.3635	3.2616	0.4444	1.4031	0.1108	0.1959	0.0979	2.0144	0.1494	0.4609	0.4577	2.9036	0.2025	0.0325	0.1445	19.9268	0.0529	58.2032	32.2884	12.4496	71.6469	31.9016	34.7221	4.0245	132.5971	47.4907	2.8823	86.9892	21.2198	38.9106	1704.2083	131.4815
K02-7	16.1798	6.2104	15.6108	13.2963	5.7868	4.3531	7.7008	18.1768	13.5712	14.1909	8.4904	12.3119	17.5796	4.5683	6.8014	3.209	3.4716	0.7422	4.662	2.6898	0.8006	1.1984	1.1832	1.5991	13.7013	27.4962	44.9778	67.9861	141.7044	18.0866	8.7324	9.8526	63.6708	26.3508	-0.006	0.3246	0.0567	0.0234	-0.1941	1.3337	0.1857	0.7036	0.3823	1.6184	0.208	0.0224	0.0175	0.3943	-0.1146	45.3858	41.7199	14.6771	138.2729	49.9475	26.7509	4.8254	150.6211	33.8449	6.406	80.689	29.4085	19.2235	1974.1626	149.7142
K01-7	14.1743	12.1288	12.583	9.446	4.0759	2.8981	4.0557	12.6208	14.8062	13.2788	6.1228	9.9116	13.622	2.6955	5.9635	3.3719	53.0666	1.5465	12.4121	3.5446	1.3256	1.995	74.0655	7.8963	9.9404	11.6196	26.663	35.3347	70.6826	9.8483	7.6319	5.1013	39.2161	4.5444	0.3703	0.317	0.0218	0.2076	0.0433	0.8085	0.1944	0.3418	0.7436	1.0094	0.1072	0.0669	-0.0678	1.3924	-0.1144	45.9502	30.7317	7.6456	70.3023	22.6207	25.5887	3.1306	134.1187	30.7635	3.7946	76.8666	22.4177	14.5416	1272.6946	104.1692
L01-7	17.8719	13.0468	20.6736	16.2167	6.7266	3.375	34.6578	21.3074	21.3787	39.2279	22.7255	15.2387	613.908	2.4266	7.8049	8.7986	0.8922	0.4348	1.5448	1.3438	0.8281	2.8813	1.391	3.323	2.473	4.7409	25.0895	26.7519	81.7156	12.8483	10.7488	2.0444	58.8254	3.3957	0.6457	0.2196	0.0364	-0.0001	-0.0304	3.781	0.1196	1.133	0.2635	2.1738	0.4581	0.0253	0.0786	0.1502	-0.0508	37.929	48.1877	9.4349	78.6231	28.9528	18.4845	5.328	109.5656	17.4781	2.6108	64.5952	24.2993	70.6332	1456.5316	104.1569
L03-7	5.4904	4.487	19.0041	15.2577	5.8593	3.7048	10.1949	59.9807	5.5148	22.3608	11.4787	22.7745	248.8922	2.0605	26.255	21.844	1.2946	0.6637	7.7335	7.2029	1.0795	4.5761	2.4008	1.5622	25.3004	7.4144	68.5605	97.4616	230.6117	41.5903	9.8978	3.6841	100.4896	0.9664	0.4491	0.2257	0.0384	0.0126	-0.0393	4.8559	0.1836	0.9407	0.4013	2.1926	0.431	0.0023	0.0557	9.0547	0.0258	4.4851	24.1415	20.8731	7.7373	17.8535	8.1633	5.1551	21.9997	0.7582	0.5503	10.9945	12.9195	24.2485	692.5637	5.992
L04-7	10.2591	18.1852	15.2772	11.8038	4.1028	3.6307	7.1656	93.1784	16.8933	16.7508	5.9607	23.9662	29.05	3.654	9.7469	3.4653	1.477	0.5724	9.3429	6.2416	0.8291	2.5746	1.289	2.9278	3.0758	5.4477	82.5696	80.8001	186.9504	53.2814	11.3043	3.9364	107.3128	1.0059	0.5315	0.1596	-0.013	-0.0112	-0.0064	1.942	0.2859	0.5346	0.4762	0.7705	0.0957	0.0688	-0.0033	1.3118	-0.0862	3.1631	20.265	8.5489	43.9492	10.9811	12.9833	7.5635	56.731	28.7614	1.0367	41.4556	14.4615	14.5422	622.2206	54.6835
L06-7	9.0184	11.3611	16.9238	13.7303	4.2269	5.3408	15.7804	78.3947	11.9319	18.5908	7.1368	22.5322	122.6674	4.9809	11.6275	5.1501	1.7613	0.6346	5.4227	7.7733	0.6778	1.8962	1.164	1.3477	7.3287	7.9077	108.5869	84.951	223.8354	47.7074	9.0826	3.7947	135.4421	1.2873	0.5125	0.2213	0.024	0.0067	0.0357	1.1811	0.2085	0.5206	0.4417	1.674	0.1645	0.0732	0.0099	5.8164	0.0206	94.2192	38.3132	15.6753	99.0536	35.4569	30.2657	3.6732	113.6281	36.4341	6.3807	97.3225	26.8817	21.3056	1664.8007	150.6471
L12-7	8.7648	10.4369	15.5183	12.8638	4.1332	3.0313	5.2952	21.5446	13.9115	25.5501	10.024	21.1568	206.3459	1.6468	25.5088	23.9902	2.5315	0.6113	7.2832	4.0777	1.046	4.1931	1.8543	1.451	29.7043	4.3611	34.0556	36.1266	106.4334	11.8761	13.9556	2.4266	92.9903	1.8992	0.3815	0.2675	0.093	-0.0115	0.1584	4.2019	0.0971	0.661	0.2905	2.1561	0.41	0.0477	0.0189	4.5268	-0.0493	10.0913	25.8001	12.3353	5.657	32.1788	2.4658	19.6879	28.9704	0.972	0.5861	10.8883	30.2931	32.2425	163.7022	9.1218
L13-7	4.6027	4.5851	21.0649	17.9918	7.6204	7.3706	5.4777	16.5638	5.5036	29.498	11.7822	16.4344	331.7625	1.7003	23.8172	63.7737	1.4894	0.7006	3.3695	3.4034	0.8744	2.3211	2.0248	2.3176	9.517	5.8867	25.9604	31.6719	91.7373	11.0317	13.1382	2.3486	95.1435	1.5057	0.5375	0.3764	0.0323	0.0379	0.0348	1.1053	0.1615	0.8451	0.3799	1.6146	0.1149	0.0598	0.1237	0.4611	0.2325	7.0567	39.2814	12.6431	6.6903	20.3858	6.9727	11.2218	28.8566	0.5516	0.2927	14.3175	17.2099	33.2026	906.3113	6.0367
L14-7	4.7958	5.9017	18.6507	14.3749	5.3726	6.3267	9.1693	37.876	6.7162	23.869	10.4664	16.2757	155.9835	2.5854	13.7501	12.6407	0.9324	0.5474	4.5949	6.5862	0.9639	1.5393	2.1804	1.5083	6.6908	5.7513	68.0336	65.7664	174.1203	25.9205	21.7704	4.1669	132.7321	2.5514	0.4853	0.0709	0.1437	-0.0041	-0.0117	0.5519	0.2238	0.771	0.7068	1.7341	0.3273	0.0455	0.024	0.2119	-0.0341	5.7728	24.3038	14.1449	6.9499	12.403	5.3971	3.9905	17.874	1.25	0.2181	8.4039	12.2614	36.9516	441.6226	4.7583
L15-7	4.795	5.0447	14.5305	13.363	4.6326	6.8387	8.1857	24.1262	6.9966	15.6678	9.9107	22.0752	220.1289	1.6505	12.1612	110.0852	3.4461	0.7758	7.2752	5.3449	1.0058	2.1373	2.1084	1.1376	7.927	4.9975	41.8772	75.1321	186.5425	12.8929	16.5641	3.4613	115.4077	2.981	0.4244	0.1652	0.1616	0.0328	-0.0046	1.5756	0.1011	0.3902	0.3281	1.1063	0.1172	0.0841	0.0602	0.0678	-0.0132	39.9903	29.6381	15.4524	44.1348	39.4117	23.3431	6.2255	76.7641	12.3564	2.878	39.4288	19.7118	24.1546	1122.8809	85.118
L16-7	7.585	4.7007	14.773	11.2948	4.3197	3.1274	3.9101	28.862	11.3418	14.9817	6.7045	15.6824	42.7889	1.7816	10.1273	5.8039	2.1994	0.6772	6.9172	6.8563	0.8864	2.1587	1.5879	1.5592	3.6229	4.3446	49.4213	88.3611	208.3377	18.663	14.8199	3.0884	90.2182	2.2112	0.2884	0.2599	0.0372	0.0375	0.0419	1.733	0.2167	0.4272	0.3892	0.9292	0.162	0.0396	-0.0489	1.2628	-0.0378	99.8843	20.0712	8.9069	22.8523	58.9699	12.7889	3.5083	49.579	7.5209	3.7046	57.6181	17.1874	16.2527	855.3519	101.46
L17-7	4.7023	5.7248	27.7065	22.0254	8.9209	2.934	62.3478	20.4907	6.6508	145.1323	30.2412	41.2145	474.1241	1.8477	18.1242	58.0597	1.1447	0.5975	5.4306	4.9202	0.868	2.8045	3.21	1.9633	4.7244	9.0401	36.2746	37.8261	98.2374	27.862	18.6345	2.4442	90.9275	1.2544	0.2698	0.2528	0.1645	-0.0117	-0.0233	3.4375	0.1262	2.0023	0.4991	4.0002	0.1985	0.0666	0.0065	1.0303	0.0681	244.2555	53.6981	8.951	75.4307	85.2239	31.2862	7.6635	193.033	27.5393	5.0309	176.4348	30.4074	53.1805	2303.3833	240.316
