OTU	1	2	3	4	5	6	7	8	9	10	11	12	13	14	15	16	17	18	19	20	21	22	23
OTU1	2	0	1	0	0	0	14	0	0	0	0	0	0	0	0	0	0	0	0	0	0	0	0
OTU2	0	0	0	0	1	0	412	288	10	147	204	237	85	360	463	222	302	224	584	527	455	421	0
OTU3	0	0	0	0	0	0	0	88	0	100	1	13	15	10	3	6	36	48	6	96	72	11	2
OTU4	0	0	1	0	0	0	21	1	0	8	0	1	2	0	60	0	0	0	0	0	0	0	0
OTU5	0	0	0	0	0	0	0	0	0	46	0	0	28	1	0	107	1	0	3	59	48	70	0
OTU6	1	0	0	0	0	0	13	0	0	0	0	0	0	0	0	0	0	0	0	0	0	0	0
OTU7	0	0	0	0	0	0	17	0	0	0	0	0	0	0	79	0	0	0	0	0	0	0	0
OTU8	0	0	0	0	0	0	0	0	12	0	0	0	0	0	0	0	0	0	0	0	0	0	0
OTU9	0	0	0	0	0	0	0	22	0	62	0	2	0	2	10	0	0	0	0	0	0	0	4
OTU10	0	0	0	0	0	0	0	3	0	37	3	7	13	0	3	0	0	0	0	0	0	0	0
OTU11	0	0	0	0	0	0	0	1	2	5	14	3	8	24	9	7	24	9	20	22	16	72	0
OTU12	1	0	0	0	0	1	0	1	4	612	3	0	0	1	34	0	0	0	7	0	1	2045	0
OTU13	1	0	0	1	0	1	1	0	3	1536	6	0	0	3	48	1	0	0	10	0	0	3424	0
OTU14	1	0	0	0	0	0	0	0	2	902	6	0	0	1	39	0	0	0	12	0	0	2274	0
OTU15	5	0	0	0	0	0	0	0	12	3252	9	0	0	7	86	1	0	0	21	0	1	7177	0
OTU16	0	0	0	0	49	0	0	0	0	0	0	0	15	0	0	0	0	0	0	0	0	0	0
OTU17	0	0	0	0	17	0	0	0	0	0	0	0	35	0	0	0	0	0	0	0	0	0	0
OTU18	0	0	0	0	49	0	0	0	0	0	0	0	10	0	0	0	0	0	0	0	0	0	0
OTU19	0	0	0	0	50	0	0	0	0	0	0	0	14	0	0	0	0	0	0	0	0	0	0
OTU20	245	168	198	248	9	227	85	0	0	0	0	0	0	0	0	0	0	0	0	0	0	0	0
OTU21	0	0	0	0	4	0	0	0	0	0	0	0	14	0	0	0	0	0	0	0	0	0	0
OTU22	0	0	0	0	0	0	0	0	0	0	0	0	13	0	0	0	0	0	0	0	0	0	0
OTU23	176	98	124	149	7	143	115	0	0	0	0	0	0	0	0	0	0	0	0	0	0	0	0
OTU24	0	0	0	0	0	0	0	0	0	0	0	0	10	0	0	0	0	0	0	0	0	0	0
OTU25	0	0	0	0	0	0	23	0	0	0	0	1	1	0	0	0	0	0	0	0	0	0	0
OTU26	0	0	0	0	0	0	0	0	0	0	0	0	0	0	0	1	1	0	3	27	2	4	0
OTU27	0	0	0	0	0	0	0	0	0	0	0	0	221	0	0	0	0	0	0	0	0	0	0
OTU28	0	0	0	0	0	0	39	0	0	0	0	0	0	0	0	0	0	0	0	0	0	0	0
OTU29	0	0	0	0	3	0	169	1	0	18	2	10	10	1	1	0	0	0	0	0	0	0	10
OTU30	0	0	0	0	2	0	149	0	2	0	0	0	1	4	17	4	1	0	1	0	0	1	5
OTU31	0	0	0	0	0	0	185	113	14	80	77	62	10	49	68	19	59	30	60	50	147	126	7
OTU32	0	0	0	0	0	0	50	74	0	525	27	134	115	26	42	2	3	0	0	0	19	24	0
OTU33	0	0	0	0	0	0	37	2	0	12	2	3	5	0	0	0	1	1	0	3	1	2	0
OTU34	175	103	154	129	8	94	75	237	0	1089	72	448	338	41	58	0	0	0	0	0	0	103	2
OTU35	0	0	0	0	0	0	0	10	1	41	2	24	14	1	4	0	0	0	0	0	0	0	0
OTU36	0	0	1	2	0	0	1	205	0	1025	55	356	264	63	104	0	0	0	0	0	0	0	0
OTU37	0	0	0	0	1	0	9	138	11	71	68	59	40	252	248	140	215	107	295	192	282	289	0
OTU38	0	0	0	0	0	0	0	0	0	0	0	0	0	0	1	0	0	0	0	0	0	94	0
OTU39	0	0	0	0	0	0	0	8	0	61	3	32	14	4	4	0	0	0	0	0	0	0	0
OTU40	0	0	0	0	0	0	5	3	0	14	2	6	2	2	1	0	0	0	0	0	0	0	1
OTU41	95	41	42	48	4	121	18	0	0	0	0	0	0	0	0	0	0	0	0	0	0	0	0
OTU42	0	0	0	0	0	0	12	0	0	1	0	1	1	0	4	0	0	0	0	0	0	0	0
OTU43	0	0	0	0	0	0	98	4	0	5	0	4	5	1	0	0	0	0	0	0	0	0	0
OTU44	0	0	0	0	0	0	22	285	11	188	325	267	201	572	709	299	535	385	631	518	641	550	0
OTU45	0	0	0	0	0	0	0	0	0	0	0	0	0	0	0	0	15	0	0	0	0	0	0
OTU46	189	104	229	179	6	122	95	0	0	0	0	0	0	0	0	0	0	0	0	0	0	0	0
OTU47	97	104	114	109	5	64	81	0	0	0	0	0	1	0	0	0	0	0	0	0	0	0	0
OTU48	247	142	245	262	6	202	113	0	0	0	0	0	0	0	0	0	0	0	0	0	0	0	0
OTU49	179	89	123	149	4	127	115	0	0	0	0	0	0	0	0	0	0	0	0	0	0	1	0
OTU50	218	134	198	135	10	115	41	0	0	0	0	0	0	0	0	0	0	0	0	0	0	0	0
OTU51	458	247	177	380	6	144	192	0	0	0	0	0	0	0	0	0	0	0	0	0	0	0	0
OTU52	338	203	277	346	15	267	163	0	0	0	0	0	0	0	0	0	0	0	0	0	0	0	0
OTU53	995	593	908	1140	30	775	581	0	0	0	0	0	0	0	0	0	0	0	0	0	0	0	0
OTU54	160	0	129	0	2	138	43	0	0	0	0	0	0	0	0	0	0	0	0	0	0	0	0
OTU55	0	0	0	0	0	0	0	0	0	1	0	0	0	0	0	0	7	0	41	20	16	5	0
OTU56	0	0	0	0	0	0	0	0	0	0	0	0	15	0	0	0	0	0	0	0	0	0	0
OTU57	0	0	0	0	0	0	8	3	0	238	1	0	6	0	36	5	8	0	4	0	14	657	0
OTU58	3	0	0	0	1	77	669	71	8	153	95	0	43	5	129	151	94	104	110	80	122	307	0
OTU59	0	0	0	0	0	0	75	0	0	2	0	0	0	1	2	7	11	1	0	1	16	86	0
OTU60	0	0	0	0	0	0	0	0	0	11	1	0	0	12	0	0	0	0	1	0	0	0	0
OTU61	0	0	0	1	2	0	609	16	6	59	0	4	2	6	72	206	186	9	3	3	404	1479	0
OTU62	0	0	0	0	2	0	286	4	0	1	0	0	0	0	0	0	2	1	0	25	0	0	0
OTU63	0	0	0	0	1	0	72	0	0	1	0	0	0	0	1	0	0	0	0	0	0	0	0
OTU64	0	0	0	0	0	0	105	0	0	0	0	0	0	1	0	0	0	0	0	0	0	0	0
OTU65	0	0	1	0	3	0	1521	56	0	240	1	3	1	9	137	71	51	6	0	79	190	634	0
OTU66	0	0	0	0	0	0	52	119	0	211	0	6	1	57	149	11	17	0	0	3	39	177	0
OTU67	0	0	0	0	15	1	3183	45	1	204	1	2	1	11	170	38	74	7	2	190	110	612	0
OTU68	0	0	0	0	0	0	33	0	0	0	0	0	0	0	0	0	0	0	0	0	0	0	0
OTU69	0	0	0	0	0	0	4	17	0	45	0	0	0	0	1	1	0	0	0	0	5	11	0
OTU70	0	0	0	0	0	0	84	3	1	2	7	1	0	50	6	1	7	0	13	11	18	478	0
OTU71	0	0	0	0	0	0	29	69	0	275	0	2	0	19	136	0	0	0	0	1	0	0	0
OTU72	0	0	0	0	0	0	95	22	0	2	0	0	0	9	9	0	0	0	0	0	0	0	0
OTU73	0	0	0	0	0	0	1	0	0	0	0	0	0	0	0	5	1	0	0	0	6	14	0
OTU74	0	0	0	0	0	0	35	1	0	2	0	0	4	0	11	1	1	0	0	0	0	2	0
OTU75	0	0	0	0	0	0	10	0	0	0	0	0	0	0	0	0	0	0	0	0	0	26	0
OTU76	0	0	0	0	0	0	17	3	0	17	0	0	0	0	5	1	5	0	0	0	0	24	0
OTU77	0	0	0	0	0	0	144	2	0	43	2	17	18	7	1	2	0	0	0	0	1	1	0
OTU78	0	0	0	0	0	0	11	0	0	0	0	0	0	1	0	0	0	0	1	3	0	1	0
OTU79	0	0	0	0	1	0	0	15	1	6	34	20	10	6	32	43	31	34	11	21	1	4	0
OTU80	0	0	0	0	0	0	32	0	0	0	0	0	0	0	0	0	0	0	0	0	0	0	0
OTU81	0	0	0	0	0	0	0	1	0	13	1	0	1	1	1	0	0	0	0	2	0	0	0
OTU82	179	0	132	0	3	65	81	0	0	2	0	0	2	1	1	0	0	0	1	4	0	8	0
OTU83	16	13	8	6	0	17	3	0	0	0	0	0	0	0	0	0	0	0	0	0	0	0	0
OTU84	0	0	0	0	0	0	67	0	0	0	0	0	0	2	0	0	23	1	0	0	0	1	0
OTU85	0	0	0	0	0	0	0	4	0	14	3	13	7	2	2	0	0	2	0	0	0	0	0
OTU86	0	0	0	0	0	0	0	0	0	0	0	0	41	0	0	0	0	0	0	0	0	0	0
OTU87	0	0	0	0	0	0	1	0	0	1	0	1	1	1	19	0	0	0	0	0	0	0	0
OTU88	0	0	0	0	0	0	14	0	0	0	0	0	0	0	0	0	0	0	0	0	0	0	0
OTU89	0	0	0	0	0	0	0	1	0	0	0	0	0	0	0	11	5	1	0	7	45	64	0
